0 0.156250 0.599219 0.147656 0.369531
0 0.463281 0.470313 0.074219 0.218750
0 0.505469 0.814063 0.057031 0.184375
0 0.589844 0.411719 0.042969 0.159375
0 0.617969 0.668750 0.048438 0.139063
0 0.632031 0.902344 0.031250 0.139063
0 0.732812 0.359375 0.045312 0.128125
0 0.744531 0.524219 0.028125 0.116406
0 0.753906 0.684375 0.025781 0.096875
0 0.768750 0.824219 0.025781 0.085156
0 0.767188 0.962500 0.034375 0.075000
0 0.842187 0.968750 0.015625 0.062500
0 0.840625 0.866406 0.025781 0.059375
0 0.831250 0.741406 0.034375 0.080469
0 0.825000 0.621875 0.021875 0.080469
0 0.820312 0.485156 0.020313 0.082031
0 0.814844 0.350000 0.025781 0.092188
0 0.895312 0.976562 0.021875 0.046875
0 0.891406 0.895312 0.028906 0.073438
0 0.882031 0.792969 0.024219 0.070312
0 0.882031 0.689063 0.027344 0.080469
0 0.875000 0.585938 0.027344 0.095312
0 0.871875 0.459375 0.027344 0.092188
0 0.867969 0.335156 0.018750 0.092188
0 0.911719 0.332031 0.015625 0.086719
0 0.917969 0.439063 0.027344 0.078125
0 0.919531 0.539844 0.020313 0.071875
0 0.921875 0.645312 0.021875 0.071875
0 0.925000 0.735938 0.020313 0.061719
0 0.926562 0.912500 0.024219 0.063281
0 0.928125 0.985938 0.018750 0.028125
