0 0.093750 0.310937 0.187500 0.353125
0 0.192188 0.087500 0.296875 0.175000
0 0.131250 0.848437 0.262500 0.303125
0 0.284375 0.575000 0.221875 0.292969
0 0.406250 0.356250 0.210156 0.241406
0 0.511719 0.173438 0.192969 0.175781
0 0.590625 0.068750 0.212500 0.137500
0 0.645312 0.001563 0.171875 0.003125
0 0.375000 0.944531 0.119531 0.110937
0 0.449219 0.795312 0.175781 0.295312
0 0.529687 0.576562 0.144531 0.255469
0 0.610938 0.411719 0.159375 0.221875
0 0.690625 0.250000 0.125000 0.170313
0 0.744531 0.128906 0.136719 0.139063
0 0.792188 0.045312 0.103125 0.090625
0 0.589844 0.909375 0.129688 0.181250
0 0.656250 0.742969 0.125000 0.218750
0 0.774219 0.414844 0.110937 0.182031
0 0.812500 0.307031 0.079687 0.130469
