0 0.423438 0.800781 0.062500 0.062500
0 0.489844 0.737500 0.088281 0.071094
0 0.569531 0.652344 0.082031 0.071094
0 0.664844 0.558594 0.107813 0.093750
0 0.791406 0.420312 0.121875 0.125000
0 0.944531 0.235937 0.110937 0.159375
0 0.342187 0.498437 0.053906 0.071094
0 0.396094 0.414844 0.059375 0.057031
0 0.441406 0.321094 0.082031 0.074219
0 0.515625 0.206250 0.082031 0.105469
0 0.600000 0.054688 0.075000 0.109375
0 0.400000 0.007812 0.056250 0.015625
0 0.352344 0.083594 0.057031 0.076563
0 0.314063 0.184375 0.065625 0.067969
0 0.285156 0.272656 0.065625 0.062500
