0 0.251563 0.914844 0.093750 0.085156
0 0.957812 0.359375 0.084375 0.212500
0 0.856250 0.489844 0.241406 0.173437
0 0.710156 0.595313 0.221875 0.161719
0 0.566406 0.678906 0.178906 0.119531
0 0.460156 0.765625 0.159375 0.071094
0 0.390625 0.814063 0.110937 0.093750
0 0.333594 0.857812 0.128125 0.057031
0 0.807813 0.021875 0.296875 0.043750
0 0.626563 0.103906 0.230469 0.178906
0 0.539844 0.238281 0.215625 0.182031
0 0.435937 0.362500 0.161719 0.133594
0 0.359375 0.444531 0.161719 0.121875
0 0.288281 0.508594 0.128125 0.102344
0 0.239844 0.583594 0.110937 0.093750
0 0.224219 0.268750 0.096875 0.105469
0 0.409375 0.029687 0.212500 0.059375
0 0.354688 0.078125 0.171875 0.156250
0 0.285156 0.190625 0.121875 0.147656
0 0.207812 0.021875 0.103125 0.043750
