0 0.893750 0.003125 0.087500 0.006250
0 0.815625 0.004687 0.087500 0.009375
0 0.771875 0.006250 0.081250 0.012500
0 0.692187 0.004687 0.071875 0.009375
0 0.637500 0.003125 0.062500 0.006250
0 0.603906 0.312500 0.065625 0.050781
0 0.657813 0.355469 0.076563 0.050781
0 0.715625 0.400781 0.079687 0.050781
0 0.769531 0.447656 0.067969 0.048438
0 0.867969 0.528125 0.082031 0.045312
0 0.970313 0.636719 0.059375 0.067969
0 0.731250 0.913281 0.065625 0.099219
0 0.689063 0.829688 0.059375 0.085156
0 0.625000 0.715625 0.057031 0.090625
0 0.575000 0.646094 0.059375 0.042969
0 0.552344 0.586719 0.071094 0.048438
0 0.525781 0.552344 0.057031 0.019531
0 0.511719 0.517188 0.050781 0.045312
0 0.626563 0.003125 0.065625 0.006250
