0 0.914844 0.748437 0.085156 0.093750
0 0.359375 0.042188 0.212500 0.084375
0 0.489844 0.143750 0.173437 0.241406
0 0.595313 0.289844 0.161719 0.221875
0 0.678906 0.433594 0.119531 0.178906
0 0.765625 0.539844 0.071094 0.159375
0 0.814063 0.609375 0.093750 0.110937
0 0.857812 0.666406 0.057031 0.128125
0 0.021875 0.192188 0.043750 0.296875
0 0.103906 0.373437 0.178906 0.230469
0 0.238281 0.460156 0.182031 0.215625
0 0.362500 0.564063 0.133594 0.161719
0 0.444531 0.640625 0.121875 0.161719
0 0.508594 0.711719 0.102344 0.128125
0 0.583594 0.760156 0.093750 0.110937
0 0.268750 0.775781 0.105469 0.096875
0 0.029687 0.590625 0.059375 0.212500
0 0.078125 0.645312 0.156250 0.171875
0 0.190625 0.714844 0.147656 0.121875
0 0.021875 0.792188 0.043750 0.103125
