0 0.989062 0.873437 0.021875 0.046875
0 0.893750 0.791406 0.076563 0.076563
0 0.785156 0.722656 0.076563 0.071094
0 0.653125 0.637500 0.102344 0.093750
0 0.451562 0.505469 0.153125 0.142187
0 0.183594 0.347656 0.196094 0.121875
0 0.045312 0.491406 0.090625 0.130469
0 0.246875 0.632031 0.159375 0.088281
0 0.453125 0.714844 0.150781 0.082031
0 0.581250 0.771094 0.150781 0.065625
0 0.687500 0.831250 0.096875 0.076563
0 0.781250 0.873437 0.090625 0.071094
0 0.847656 0.910156 0.082031 0.082031
0 0.637500 0.911719 0.076563 0.057031
0 0.439063 0.836719 0.105469 0.059375
0 0.289844 0.792969 0.107813 0.090625
0 0.106250 0.737500 0.190625 0.065625
0 0.048438 0.802344 0.085156 0.053906
0 0.194531 0.850781 0.110937 0.059375
0 0.331250 0.875000 0.105469 0.067969
0 0.425781 0.909375 0.074219 0.062500
0 0.514062 0.944531 0.062500 0.082031
0 0.586719 0.953125 0.065625 0.042969
0 0.660937 0.978125 0.084375 0.043750
0 0.839844 0.975781 0.053906 0.042969
