0 0.873437 0.010938 0.046875 0.021875
0 0.791406 0.106250 0.076563 0.076563
0 0.722656 0.214844 0.071094 0.076563
0 0.637500 0.346875 0.093750 0.102344
0 0.505469 0.548438 0.142187 0.153125
0 0.347656 0.816406 0.121875 0.196094
0 0.491406 0.954688 0.130469 0.090625
0 0.632031 0.753125 0.088281 0.159375
0 0.714844 0.546875 0.082031 0.150781
0 0.771094 0.418750 0.065625 0.150781
0 0.831250 0.312500 0.076563 0.096875
0 0.873437 0.218750 0.071094 0.090625
0 0.910156 0.152344 0.082031 0.082031
0 0.911719 0.362500 0.057031 0.076563
0 0.836719 0.560937 0.059375 0.105469
0 0.792969 0.710156 0.090625 0.107813
0 0.737500 0.893750 0.065625 0.190625
0 0.802344 0.951562 0.053906 0.085156
0 0.850781 0.805469 0.059375 0.110937
0 0.875000 0.668750 0.067969 0.105469
0 0.909375 0.574219 0.062500 0.074219
0 0.944531 0.485938 0.082031 0.062500
0 0.953125 0.413281 0.042969 0.065625
0 0.978125 0.339063 0.043750 0.084375
0 0.975781 0.160156 0.042969 0.053906
