0 0.003125 0.106250 0.006250 0.087500
0 0.004687 0.184375 0.009375 0.087500
0 0.006250 0.228125 0.012500 0.081250
0 0.004687 0.307812 0.009375 0.071875
0 0.003125 0.362500 0.006250 0.062500
0 0.312500 0.396094 0.050781 0.065625
0 0.355469 0.342187 0.050781 0.076563
0 0.400781 0.284375 0.050781 0.079687
0 0.447656 0.230469 0.048438 0.067969
0 0.528125 0.132031 0.045312 0.082031
0 0.636719 0.029687 0.067969 0.059375
0 0.913281 0.268750 0.099219 0.065625
0 0.829688 0.310937 0.085156 0.059375
0 0.715625 0.375000 0.090625 0.057031
0 0.646094 0.425000 0.042969 0.059375
0 0.586719 0.447656 0.048438 0.071094
0 0.552344 0.474219 0.019531 0.057031
0 0.517188 0.488281 0.045312 0.050781
0 0.003125 0.373437 0.006250 0.065625
