0 0.906250 0.689063 0.187500 0.353125
0 0.807813 0.912500 0.296875 0.175000
0 0.868750 0.151562 0.262500 0.303125
0 0.715625 0.425000 0.221875 0.292969
0 0.593750 0.643750 0.210156 0.241406
0 0.488281 0.826562 0.192969 0.175781
0 0.409375 0.931250 0.212500 0.137500
0 0.354688 0.998437 0.171875 0.003125
0 0.625000 0.055469 0.119531 0.110937
0 0.550781 0.204687 0.175781 0.295312
0 0.470313 0.423438 0.144531 0.255469
0 0.389062 0.588281 0.159375 0.221875
0 0.309375 0.750000 0.125000 0.170313
0 0.255469 0.871094 0.136719 0.139063
0 0.207812 0.954688 0.103125 0.090625
0 0.410156 0.090625 0.129688 0.181250
0 0.343750 0.257031 0.125000 0.218750
0 0.225781 0.585156 0.110937 0.182031
0 0.187500 0.692969 0.079687 0.130469
