0 0.489844 0.825000 0.088281 0.207031
0 0.853906 0.592187 0.139063 0.338281
0 0.737500 0.996875 0.112500 0.006250
0 0.538281 0.461719 0.088281 0.235937
0 0.404687 0.423438 0.048438 0.187500
0 0.386719 0.670312 0.045312 0.136719
0 0.362500 0.897656 0.042969 0.119531
0 0.267188 0.357812 0.028125 0.107813
0 0.189063 0.335156 0.031250 0.113281
0 0.135156 0.340625 0.031250 0.074219
0 0.085156 0.335156 0.028125 0.057031
0 0.250000 0.522656 0.045312 0.113281
0 0.177344 0.487500 0.031250 0.088281
0 0.130469 0.461719 0.039844 0.082031
0 0.089844 0.434375 0.036719 0.090625
0 0.238281 0.687500 0.039844 0.096875
0 0.175781 0.621875 0.005469 0.067969
0 0.123437 0.581250 0.036719 0.076563
0 0.088281 0.543750 0.028125 0.088281
0 0.237500 0.825000 0.031250 0.082031
0 0.166406 0.744531 0.036719 0.067969
0 0.126563 0.684375 0.031250 0.090625
0 0.079688 0.646094 0.039844 0.059375
0 0.225000 0.967187 0.043750 0.065625
0 0.154687 0.860938 0.031250 0.079687
0 0.116406 0.803906 0.034375 0.067969
0 0.076562 0.738281 0.028125 0.074219
0 0.156250 0.967187 0.031250 0.065625
0 0.113281 0.889062 0.039844 0.067969
0 0.074219 0.831250 0.034375 0.071094
0 0.110938 0.978125 0.034375 0.043750
0 0.075000 0.906250 0.031250 0.062500
0 0.076562 0.982812 0.028125 0.034375
