0 0.825000 0.510156 0.207031 0.088281
0 0.592187 0.146094 0.338281 0.139063
0 0.996875 0.262500 0.006250 0.112500
0 0.461719 0.461719 0.235937 0.088281
0 0.423438 0.595313 0.187500 0.048438
0 0.670312 0.613281 0.136719 0.045312
0 0.897656 0.637500 0.119531 0.042969
0 0.357812 0.732812 0.107813 0.028125
0 0.335156 0.810937 0.113281 0.031250
0 0.340625 0.864844 0.074219 0.031250
0 0.335156 0.914844 0.057031 0.028125
0 0.522656 0.750000 0.113281 0.045312
0 0.487500 0.822656 0.088281 0.031250
0 0.461719 0.869531 0.082031 0.039844
0 0.434375 0.910156 0.090625 0.036719
0 0.687500 0.761719 0.096875 0.039844
0 0.621875 0.824219 0.067969 0.005469
0 0.581250 0.876563 0.076563 0.036719
0 0.543750 0.911719 0.088281 0.028125
0 0.825000 0.762500 0.082031 0.031250
0 0.744531 0.833594 0.067969 0.036719
0 0.684375 0.873437 0.090625 0.031250
0 0.646094 0.920312 0.059375 0.039844
0 0.967187 0.775000 0.065625 0.043750
0 0.860938 0.845313 0.079687 0.031250
0 0.803906 0.883594 0.067969 0.034375
0 0.738281 0.923438 0.074219 0.028125
0 0.967187 0.843750 0.065625 0.031250
0 0.889062 0.886719 0.067969 0.039844
0 0.831250 0.925781 0.071094 0.034375
0 0.978125 0.889062 0.043750 0.034375
0 0.906250 0.925000 0.062500 0.031250
0 0.982812 0.923438 0.034375 0.028125
