0 0.101562 0.012500 0.071875 0.025000
0 0.187500 0.014062 0.081250 0.028125
0 0.240625 0.014062 0.043750 0.028125
0 0.317188 0.006250 0.071875 0.012500
0 0.128906 0.529687 0.082031 0.093750
0 0.024219 0.652344 0.048438 0.071094
0 0.224219 0.463281 0.074219 0.079687
0 0.281250 0.410156 0.079687 0.065625
0 0.343750 0.363281 0.074219 0.062500
0 0.393750 0.310937 0.059375 0.025781
0 0.457031 0.581250 0.074219 0.036719
0 0.428906 0.649219 0.079687 0.059375
0 0.375000 0.708594 0.062500 0.042969
0 0.310937 0.822656 0.076563 0.071094
0 0.250000 0.911719 0.067969 0.074219
