0 0.400781 0.156250 0.369531 0.147656
0 0.529687 0.463281 0.218750 0.074219
0 0.185938 0.505469 0.184375 0.057031
0 0.588281 0.589844 0.159375 0.042969
0 0.331250 0.617969 0.139063 0.048438
0 0.097656 0.632031 0.139063 0.031250
0 0.640625 0.732812 0.128125 0.045312
0 0.475781 0.744531 0.116406 0.028125
0 0.315625 0.753906 0.096875 0.025781
0 0.175781 0.768750 0.085156 0.025781
0 0.037500 0.767188 0.075000 0.034375
0 0.031250 0.842187 0.062500 0.015625
0 0.133594 0.840625 0.059375 0.025781
0 0.258594 0.831250 0.080469 0.034375
0 0.378125 0.825000 0.080469 0.021875
0 0.514844 0.820312 0.082031 0.020313
0 0.650000 0.814844 0.092188 0.025781
0 0.023438 0.895312 0.046875 0.021875
0 0.104688 0.891406 0.073438 0.028906
0 0.207031 0.882031 0.070312 0.024219
0 0.310937 0.882031 0.080469 0.027344
0 0.414062 0.875000 0.095312 0.027344
0 0.540625 0.871875 0.092188 0.027344
0 0.664844 0.867969 0.092188 0.018750
0 0.667969 0.911719 0.086719 0.015625
0 0.560937 0.917969 0.078125 0.027344
0 0.460156 0.919531 0.071875 0.020313
0 0.354687 0.921875 0.071875 0.021875
0 0.264062 0.925000 0.061719 0.020313
0 0.087500 0.926562 0.063281 0.024219
0 0.014063 0.928125 0.028125 0.018750
