0 0.576562 0.199219 0.062500 0.062500
0 0.510156 0.262500 0.088281 0.071094
0 0.430469 0.347656 0.082031 0.071094
0 0.335156 0.441406 0.107813 0.093750
0 0.208594 0.579688 0.121875 0.125000
0 0.055469 0.764062 0.110937 0.159375
0 0.657813 0.501563 0.053906 0.071094
0 0.603906 0.585156 0.059375 0.057031
0 0.558594 0.678906 0.082031 0.074219
0 0.484375 0.793750 0.082031 0.105469
0 0.400000 0.945312 0.075000 0.109375
0 0.600000 0.992188 0.056250 0.015625
0 0.647656 0.916406 0.057031 0.076563
0 0.685937 0.815625 0.065625 0.067969
0 0.714844 0.727344 0.065625 0.062500
