0 0.215625 0.814063 0.170313 0.133594
0 0.435937 0.959375 0.171875 0.081250
0 0.342187 0.207031 0.105469 0.192969
0 0.514062 0.468750 0.079687 0.187500
0 0.612500 0.257031 0.065625 0.144531
0 0.643750 0.652344 0.093750 0.144531
0 0.714844 0.435937 0.076563 0.128125
0 0.764062 0.582031 0.050781 0.085156
0 0.826562 0.692969 0.034375 0.067969
0 0.793750 0.878906 0.059375 0.082031
0 0.834375 0.965625 0.068750 0.068750
0 0.963281 0.784375 0.067969 0.039844
0 0.970313 0.832812 0.059375 0.046875
0 0.917969 0.628906 0.039844 0.071094
0 0.838281 0.437500 0.057031 0.090625
0 0.871875 0.555469 0.062500 0.082031
0 0.772656 0.579688 0.050781 0.113281
0 0.886719 0.331250 0.067969 0.088281
0 0.792969 0.296875 0.067969 0.116406
0 0.722656 0.128906 0.053906 0.116406
0 0.810156 0.053125 0.070312 0.106250
