0 0.987500 0.101562 0.025000 0.071875
0 0.985938 0.187500 0.028125 0.081250
0 0.985938 0.240625 0.028125 0.043750
0 0.993750 0.317188 0.012500 0.071875
0 0.470313 0.128906 0.093750 0.082031
0 0.347656 0.024219 0.071094 0.048438
0 0.536719 0.224219 0.079687 0.074219
0 0.589844 0.281250 0.065625 0.079687
0 0.636719 0.343750 0.062500 0.074219
0 0.689063 0.393750 0.025781 0.059375
0 0.418750 0.457031 0.036719 0.074219
0 0.350781 0.428906 0.059375 0.079687
0 0.291406 0.375000 0.042969 0.062500
0 0.177344 0.310937 0.071094 0.076563
0 0.088281 0.250000 0.074219 0.067969
