0 0.898438 0.987500 0.071875 0.025000
0 0.812500 0.985938 0.081250 0.028125
0 0.759375 0.985938 0.043750 0.028125
0 0.682813 0.993750 0.071875 0.012500
0 0.871094 0.470313 0.082031 0.093750
0 0.975781 0.347656 0.048438 0.071094
0 0.775781 0.536719 0.074219 0.079687
0 0.718750 0.589844 0.079687 0.065625
0 0.656250 0.636719 0.074219 0.062500
0 0.606250 0.689063 0.059375 0.025781
0 0.542969 0.418750 0.074219 0.036719
0 0.571094 0.350781 0.079687 0.059375
0 0.625000 0.291406 0.062500 0.042969
0 0.689063 0.177344 0.076563 0.071094
0 0.750000 0.088281 0.067969 0.074219
