0 0.735938 0.859375 0.096875 0.281250
0 0.640625 0.439063 0.088281 0.235937
0 0.567969 0.110937 0.085156 0.170313
0 0.457031 0.889062 0.045312 0.159375
0 0.418750 0.632031 0.042969 0.161719
0 0.389062 0.418750 0.045312 0.133594
0 0.359375 0.220312 0.036719 0.116406
0 0.335156 0.907813 0.045312 0.121875
0 0.324219 0.718750 0.034375 0.125000
0 0.307031 0.550781 0.039844 0.119531
0 0.289844 0.400781 0.034375 0.090625
0 0.272656 0.271094 0.034375 0.088281
0 0.265625 0.147656 0.031250 0.096875
0 0.251563 0.032813 0.042969 0.059375
0 0.232812 0.998437 0.034375 0.003125
0 0.220313 0.913281 0.036719 0.082031
0 0.210156 0.800000 0.028125 0.082031
0 0.206250 0.687500 0.036719 0.085156
0 0.200000 0.588281 0.031250 0.079687
0 0.191406 0.491406 0.042969 0.074219
0 0.182031 0.394531 0.017188 0.062500
0 0.177344 0.305469 0.025781 0.065625
0 0.168750 0.227344 0.036719 0.062500
0 0.166406 0.153125 0.019531 0.045312
0 0.157813 0.079687 0.019531 0.057031
0 0.114844 0.221875 0.025781 0.062500
0 0.126563 0.322656 0.019531 0.048438
0 0.130469 0.399219 0.028906 0.051562
0 0.125000 0.473438 0.024219 0.059375
0 0.131250 0.546875 0.020313 0.046094
0 0.135938 0.641406 0.018750 0.064844
0 0.146094 0.732812 0.025781 0.063281
0 0.146875 0.820312 0.027344 0.067969
0 0.151563 0.921875 0.018750 0.059375
0 0.157813 0.993750 0.015625 0.012500
0 0.087500 0.392969 0.024219 0.046094
0 0.092187 0.461719 0.020313 0.039062
0 0.093750 0.531250 0.024219 0.053125
0 0.093750 0.605469 0.024219 0.047656
0 0.096875 0.676562 0.028906 0.059375
0 0.096875 0.752344 0.028906 0.064844
0 0.103906 0.835156 0.024219 0.063281
0 0.107031 0.921875 0.025781 0.066406
0 0.104688 0.989062 0.021875 0.021875
0 0.071875 0.987500 0.018750 0.025000
0 0.070312 0.921875 0.024219 0.056250
0 0.064844 0.850000 0.020313 0.057813
0 0.064844 0.775781 0.017188 0.039062
0 0.064063 0.707812 0.018750 0.044531
