0 0.106250 0.996875 0.087500 0.006250
0 0.184375 0.995313 0.087500 0.009375
0 0.228125 0.993750 0.081250 0.012500
0 0.307812 0.995313 0.071875 0.009375
0 0.362500 0.996875 0.062500 0.006250
0 0.396094 0.687500 0.065625 0.050781
0 0.342187 0.644531 0.076563 0.050781
0 0.284375 0.599219 0.079687 0.050781
0 0.230469 0.552344 0.067969 0.048438
0 0.132031 0.471875 0.082031 0.045312
0 0.029687 0.363281 0.059375 0.067969
0 0.268750 0.086719 0.065625 0.099219
0 0.310937 0.170312 0.059375 0.085156
0 0.375000 0.284375 0.057031 0.090625
0 0.425000 0.353906 0.059375 0.042969
0 0.447656 0.413281 0.071094 0.048438
0 0.474219 0.447656 0.057031 0.019531
0 0.488281 0.482812 0.050781 0.045312
0 0.373437 0.996875 0.065625 0.006250
