0 0.126563 0.989062 0.046875 0.021875
0 0.208594 0.893750 0.076563 0.076563
0 0.277344 0.785156 0.071094 0.076563
0 0.362500 0.653125 0.093750 0.102344
0 0.494531 0.451562 0.142187 0.153125
0 0.652344 0.183594 0.121875 0.196094
0 0.508594 0.045312 0.130469 0.090625
0 0.367969 0.246875 0.088281 0.159375
0 0.285156 0.453125 0.082031 0.150781
0 0.228906 0.581250 0.065625 0.150781
0 0.168750 0.687500 0.076563 0.096875
0 0.126563 0.781250 0.071094 0.090625
0 0.089844 0.847656 0.082031 0.082031
0 0.088281 0.637500 0.057031 0.076563
0 0.163281 0.439063 0.059375 0.105469
0 0.207031 0.289844 0.090625 0.107813
0 0.262500 0.106250 0.065625 0.190625
0 0.197656 0.048438 0.053906 0.085156
0 0.149219 0.194531 0.059375 0.110937
0 0.125000 0.331250 0.067969 0.105469
0 0.090625 0.425781 0.062500 0.074219
0 0.055469 0.514062 0.082031 0.062500
0 0.046875 0.586719 0.042969 0.065625
0 0.021875 0.660937 0.043750 0.084375
0 0.024219 0.839844 0.042969 0.053906
