0 0.185938 0.215625 0.133594 0.170313
0 0.040625 0.435937 0.081250 0.171875
0 0.792969 0.342187 0.192969 0.105469
0 0.531250 0.514062 0.187500 0.079687
0 0.742969 0.612500 0.144531 0.065625
0 0.347656 0.643750 0.144531 0.093750
0 0.564063 0.714844 0.128125 0.076563
0 0.417969 0.764062 0.085156 0.050781
0 0.307031 0.826562 0.067969 0.034375
0 0.121094 0.793750 0.082031 0.059375
0 0.034375 0.834375 0.068750 0.068750
0 0.215625 0.963281 0.039844 0.067969
0 0.167187 0.970313 0.046875 0.059375
0 0.371094 0.917969 0.071094 0.039844
0 0.562500 0.838281 0.090625 0.057031
0 0.444531 0.871875 0.082031 0.062500
0 0.420312 0.772656 0.113281 0.050781
0 0.668750 0.886719 0.088281 0.067969
0 0.703125 0.792969 0.116406 0.067969
0 0.871094 0.722656 0.116406 0.053906
0 0.946875 0.810156 0.106250 0.070312
