0 0.800781 0.576562 0.062500 0.062500
0 0.737500 0.510156 0.071094 0.088281
0 0.652344 0.430469 0.071094 0.082031
0 0.558594 0.335156 0.093750 0.107813
0 0.420312 0.208594 0.125000 0.121875
0 0.235937 0.055469 0.159375 0.110937
0 0.498437 0.657813 0.071094 0.053906
0 0.414844 0.603906 0.057031 0.059375
0 0.321094 0.558594 0.074219 0.082031
0 0.206250 0.484375 0.105469 0.082031
0 0.054688 0.400000 0.109375 0.075000
0 0.007812 0.600000 0.015625 0.056250
0 0.083594 0.647656 0.076563 0.057031
0 0.184375 0.685937 0.067969 0.065625
0 0.272656 0.714844 0.062500 0.065625
