0 0.264062 0.140625 0.096875 0.281250
0 0.359375 0.560937 0.088281 0.235937
0 0.432031 0.889062 0.085156 0.170313
0 0.542969 0.110938 0.045312 0.159375
0 0.581250 0.367969 0.042969 0.161719
0 0.610938 0.581250 0.045312 0.133594
0 0.640625 0.779687 0.036719 0.116406
0 0.664844 0.092187 0.045312 0.121875
0 0.675781 0.281250 0.034375 0.125000
0 0.692969 0.449219 0.039844 0.119531
0 0.710156 0.599219 0.034375 0.090625
0 0.727344 0.728906 0.034375 0.088281
0 0.734375 0.852344 0.031250 0.096875
0 0.748437 0.967187 0.042969 0.059375
0 0.767188 0.001563 0.034375 0.003125
0 0.779687 0.086719 0.036719 0.082031
0 0.789844 0.200000 0.028125 0.082031
0 0.793750 0.312500 0.036719 0.085156
0 0.800000 0.411719 0.031250 0.079687
0 0.808594 0.508594 0.042969 0.074219
0 0.817969 0.605469 0.017188 0.062500
0 0.822656 0.694531 0.025781 0.065625
0 0.831250 0.772656 0.036719 0.062500
0 0.833594 0.846875 0.019531 0.045312
0 0.842187 0.920312 0.019531 0.057031
0 0.885156 0.778125 0.025781 0.062500
0 0.873437 0.677344 0.019531 0.048438
0 0.869531 0.600781 0.028906 0.051562
0 0.875000 0.526563 0.024219 0.059375
0 0.868750 0.453125 0.020313 0.046094
0 0.864062 0.358594 0.018750 0.064844
0 0.853906 0.267188 0.025781 0.063281
0 0.853125 0.179688 0.027344 0.067969
0 0.848437 0.078125 0.018750 0.059375
0 0.842187 0.006250 0.015625 0.012500
0 0.912500 0.607031 0.024219 0.046094
0 0.907813 0.538281 0.020313 0.039062
0 0.906250 0.468750 0.024219 0.053125
0 0.906250 0.394531 0.024219 0.047656
0 0.903125 0.323438 0.028906 0.059375
0 0.903125 0.247656 0.028906 0.064844
0 0.896094 0.164844 0.024219 0.063281
0 0.892969 0.078125 0.025781 0.066406
0 0.895312 0.010938 0.021875 0.021875
0 0.928125 0.012500 0.018750 0.025000
0 0.929688 0.078125 0.024219 0.056250
0 0.935156 0.150000 0.020313 0.057813
0 0.935156 0.224219 0.017188 0.039062
0 0.935937 0.292188 0.018750 0.044531
