0 0.748437 0.085156 0.093750 0.085156
0 0.042188 0.640625 0.084375 0.212500
0 0.143750 0.510156 0.241406 0.173437
0 0.289844 0.404687 0.221875 0.161719
0 0.433594 0.321094 0.178906 0.119531
0 0.539844 0.234375 0.159375 0.071094
0 0.609375 0.185937 0.110937 0.093750
0 0.666406 0.142188 0.128125 0.057031
0 0.192188 0.978125 0.296875 0.043750
0 0.373437 0.896094 0.230469 0.178906
0 0.460156 0.761719 0.215625 0.182031
0 0.564063 0.637500 0.161719 0.133594
0 0.640625 0.555469 0.161719 0.121875
0 0.711719 0.491406 0.128125 0.102344
0 0.760156 0.416406 0.110937 0.093750
0 0.775781 0.731250 0.096875 0.105469
0 0.590625 0.970313 0.212500 0.059375
0 0.645312 0.921875 0.171875 0.156250
0 0.714844 0.809375 0.121875 0.147656
0 0.792188 0.978125 0.103125 0.043750
