0 0.859375 0.264062 0.281250 0.096875
0 0.439063 0.359375 0.235937 0.088281
0 0.110937 0.432031 0.170313 0.085156
0 0.889062 0.542969 0.159375 0.045312
0 0.632031 0.581250 0.161719 0.042969
0 0.418750 0.610938 0.133594 0.045312
0 0.220312 0.640625 0.116406 0.036719
0 0.907813 0.664844 0.121875 0.045312
0 0.718750 0.675781 0.125000 0.034375
0 0.550781 0.692969 0.119531 0.039844
0 0.400781 0.710156 0.090625 0.034375
0 0.271094 0.727344 0.088281 0.034375
0 0.147656 0.734375 0.096875 0.031250
0 0.032813 0.748437 0.059375 0.042969
0 0.998437 0.767188 0.003125 0.034375
0 0.913281 0.779687 0.082031 0.036719
0 0.800000 0.789844 0.082031 0.028125
0 0.687500 0.793750 0.085156 0.036719
0 0.588281 0.800000 0.079687 0.031250
0 0.491406 0.808594 0.074219 0.042969
0 0.394531 0.817969 0.062500 0.017188
0 0.305469 0.822656 0.065625 0.025781
0 0.227344 0.831250 0.062500 0.036719
0 0.153125 0.833594 0.045312 0.019531
0 0.079687 0.842187 0.057031 0.019531
0 0.221875 0.885156 0.062500 0.025781
0 0.322656 0.873437 0.048438 0.019531
0 0.399219 0.869531 0.051562 0.028906
0 0.473438 0.875000 0.059375 0.024219
0 0.546875 0.868750 0.046094 0.020313
0 0.641406 0.864062 0.064844 0.018750
0 0.732812 0.853906 0.063281 0.025781
0 0.820312 0.853125 0.067969 0.027344
0 0.921875 0.848437 0.059375 0.018750
0 0.993750 0.842187 0.012500 0.015625
0 0.392969 0.912500 0.046094 0.024219
0 0.461719 0.907813 0.039062 0.020313
0 0.531250 0.906250 0.053125 0.024219
0 0.605469 0.906250 0.047656 0.024219
0 0.676562 0.903125 0.059375 0.028906
0 0.752344 0.903125 0.064844 0.028906
0 0.835156 0.896094 0.063281 0.024219
0 0.921875 0.892969 0.066406 0.025781
0 0.989062 0.895312 0.021875 0.021875
0 0.987500 0.928125 0.025000 0.018750
0 0.921875 0.929688 0.056250 0.024219
0 0.850000 0.935156 0.057813 0.020313
0 0.775781 0.935156 0.039062 0.017188
0 0.707812 0.935937 0.044531 0.018750
