0 0.510156 0.175000 0.088281 0.207031
0 0.146094 0.407813 0.139063 0.338281
0 0.262500 0.003125 0.112500 0.006250
0 0.461719 0.538281 0.088281 0.235937
0 0.595313 0.576562 0.048438 0.187500
0 0.613281 0.329688 0.045312 0.136719
0 0.637500 0.102344 0.042969 0.119531
0 0.732812 0.642188 0.028125 0.107813
0 0.810937 0.664844 0.031250 0.113281
0 0.864844 0.659375 0.031250 0.074219
0 0.914844 0.664844 0.028125 0.057031
0 0.750000 0.477344 0.045312 0.113281
0 0.822656 0.512500 0.031250 0.088281
0 0.869531 0.538281 0.039844 0.082031
0 0.910156 0.565625 0.036719 0.090625
0 0.761719 0.312500 0.039844 0.096875
0 0.824219 0.378125 0.005469 0.067969
0 0.876563 0.418750 0.036719 0.076563
0 0.911719 0.456250 0.028125 0.088281
0 0.762500 0.175000 0.031250 0.082031
0 0.833594 0.255469 0.036719 0.067969
0 0.873437 0.315625 0.031250 0.090625
0 0.920312 0.353906 0.039844 0.059375
0 0.775000 0.032813 0.043750 0.065625
0 0.845313 0.139062 0.031250 0.079687
0 0.883594 0.196094 0.034375 0.067969
0 0.923438 0.261719 0.028125 0.074219
0 0.843750 0.032813 0.031250 0.065625
0 0.886719 0.110938 0.039844 0.067969
0 0.925781 0.168750 0.034375 0.071094
0 0.889062 0.021875 0.034375 0.043750
0 0.925000 0.093750 0.031250 0.062500
0 0.923438 0.017188 0.028125 0.034375
