0 0.784375 0.185938 0.170313 0.133594
0 0.564063 0.040625 0.171875 0.081250
0 0.657813 0.792969 0.105469 0.192969
0 0.485938 0.531250 0.079687 0.187500
0 0.387500 0.742969 0.065625 0.144531
0 0.356250 0.347656 0.093750 0.144531
0 0.285156 0.564063 0.076563 0.128125
0 0.235938 0.417969 0.050781 0.085156
0 0.173438 0.307031 0.034375 0.067969
0 0.206250 0.121094 0.059375 0.082031
0 0.165625 0.034375 0.068750 0.068750
0 0.036719 0.215625 0.067969 0.039844
0 0.029687 0.167187 0.059375 0.046875
0 0.082031 0.371094 0.039844 0.071094
0 0.161719 0.562500 0.057031 0.090625
0 0.128125 0.444531 0.062500 0.082031
0 0.227344 0.420312 0.050781 0.113281
0 0.113281 0.668750 0.067969 0.088281
0 0.207031 0.703125 0.067969 0.116406
0 0.277344 0.871094 0.053906 0.116406
0 0.189844 0.946875 0.070312 0.106250
