0 0.689063 0.093750 0.353125 0.187500
0 0.912500 0.192188 0.175000 0.296875
0 0.151562 0.131250 0.303125 0.262500
0 0.425000 0.284375 0.292969 0.221875
0 0.643750 0.406250 0.241406 0.210156
0 0.826562 0.511719 0.175781 0.192969
0 0.931250 0.590625 0.137500 0.212500
0 0.998437 0.645312 0.003125 0.171875
0 0.055469 0.375000 0.110937 0.119531
0 0.204687 0.449219 0.295312 0.175781
0 0.423438 0.529687 0.255469 0.144531
0 0.588281 0.610938 0.221875 0.159375
0 0.750000 0.690625 0.170313 0.125000
0 0.871094 0.744531 0.139063 0.136719
0 0.954688 0.792188 0.090625 0.103125
0 0.090625 0.589844 0.181250 0.129688
0 0.257031 0.656250 0.218750 0.125000
0 0.585156 0.774219 0.182031 0.110937
0 0.692969 0.812500 0.130469 0.079687
