1765904591022 0.00047574526748971193 0
1765905124396 0.0009426530226748971 1
1765905650154 0.0014001293778600822 2
1765906175038 0.0013865586999999998 3
1765906699623 0.0013724115999999998 4
1765907224296 0.0013582645 5
1765907748490 0.0013441173999999998 6
1765908272707 0.0013299702999999999 7
1765908796552 0.0013158232 8
1765909320733 0.0013016761 9
1765909844334 0.001287529 10
1765910367724 0.0012733819 11
1765910891964 0.0012592348 12
1765911415587 0.0012450877 13
1765911939761 0.0012309405999999998 14
